240985
177834
180203
459523
485500
461892
208123
222178
210456
138558
488031
421896
172866
449463
476957
457989
451079
457271
412173
462062
461980
108232
451097
237729
108269
372462
449852
179991
488165
457855
454722
434283
175722
374316
447449
181880
434274
455929
382461
208080
451334
376446
482185
487658
451051
449454
486619
107293
480879
210508
461342
483708
480736
449676
384306
439969
126182
188429
419314
188438
374024
142832
168528
262369
203030
183983
400187
479974
444334
437608
458052
480019
444343
461786
491163
481234
238166
383172
231411
444361
461430
456001
423397
133872
205391
476878
161651
138600
134811
457998
217615
419147
126207
200697
200828
100654
483975
488916
101949
371034
100724
199786
482981
222497
102580
103501
442523
102669
418038
188526
188535
188580
138716
138682
417178
128498
168546
210571
175342
237118
476735
483425
368036
172918
188641
393524
487995
156189
486868
485306
459125
474997
210599
418658
373784
108807
161688
210669
200873
152798
154642
188650
415987
469610
217624
490522
483850
110468
490151
461111
168591
168607
363590
443854
467784
442727
445461
438647
126401
447209
460358
182148
441016
443748
445434
227003
444024
137801
127787
442620
480329
449269
171322
210748
210775
238193
222567
222576
222628
476771
457527
490081
188687
446002
142887
457396
487630
108852
188678
481164
487144
444370
219505
108861
490258
459541
489247
108977
189477
490391
206783
475255
457688
441052
481854
109040
439905
447768
461005
429085
486169
449889
210809
179229
153588
422835
483009
443599
109086
241146
108870
153463
172927
441636
487852
447883
404037
447795
455202
449728
103811
184092
443234
490869
482963
129482
445027
438586
445133
164447
142957
116846
475714
461263
188854
232797
480480
453473
457004
453455
157021
487357
487366
453464
449339
109208
240736
460738
461625
461573
131159
433004
241128
241100
447263
229957
486415
164465
100690
151865
150048
150066
217633
164474
138761
168740
457299
457314
222822
222831
490425
164492
161767
475705
172954
172963
434292
109350
241182
483018
485908
245838
245892
245865
442392
245847
245883
440138
201016
383950
175528
210890
250072
429094
485342
490434
441511
188890
201034
237127
237136
449922
432348
197869
417716
168786
219578
176600
126289
211088
487791
367936
145770
442222
448734
366748
450526
447272
450535
419457
436438
436094
456348
452090
450544
121983
137148
420866
439057
428268
410502
448576
432533
441973
450094
117113
117928
451848
173984
212568
103954
103963
420802
105899
421708
487375
482990
450951
446039
484163
448886
420574
483124
104151
407009
450942
104160
106306
106324
106315
106351
488527
107327
107318
106449
106458
420538
440402
448336
106467
222877
222886
138789
219587
188915
482194
201061
109651
106360
106494
489830
445540
414063
460701
378886
404994
156222
156213
447777
197887
154022
156231
201098
201104
201131
475431
393861
391546
128577
480994
454829
164535
485494
188942
109721
109730
164562
183600
379746
446127
447935
461768
440651
476683
201140
100812
246813
444325
419244
138901
138938
138840
138929
186593
183655
439446
132374
241216
485768
201159
100858
100830
173045
447917
138956
482149
143084
219000
444556
454810
201177
143118
222983
222992
247825
476869
219602
223001
219851
188988
418782
419703
419712
419721
211006
448770
365213
457679
108649
474924
104568
474915
460057
442295
446048
451468
457563
487348
159513
461652
455141
455877
455275
160320
459277
475015
159522
469957
487506
162830
173744
461555
448071
484899
460862
451574
455354
451149
451158
476753
142407
458070
219170
219338
231420
449931
158778
448257
486558
440059
427973
441788
227748
438735
441496
482255
445762
457411
250285
447847
176628
102711
161800
158246
109785
474863
237145
487898
164580
206817
139010
128586
476601
245777
490513
449658
168847
154688
109819
420705
414489
223056
417105
201195
490212
150136
161864
434308
469586
161855
164599
189015
176664
106546
223083
219639
223117
366793
444398
484048
483054
488022
155070
189088
167792
189097
177719
156277
132471
109907
197911
154697
235547
160977
235671
437103
158325
158343
483878
168883
380359
164632
164641
164678
444194
223223
223232
168892
487782
476717
384254
160995
208248
485166
197966
449357
234401
460969
484039
374927
468732
419660
456861
135771
450182
207272
491048
215336
164720
247065
452373
444413
126359
190956
175421
364760
486309
461193
483559
156286
481571
234669
180814
238324
234696
478953
116563
109934
377722
197984
201283
219709
238333
173124
237172
137591
217721
154712
145619
165884
439473
197993
230816
164739
156295
183743
461643
189219
125170
189228
183789
164748
481021
213534
164775
139144
461865
485999
189273
189264
183804
486196
488314
237181
154721
486284
173142
143233
458113
150145
154749
262022
173179
219718
173160
110060
486053
132602
139153
475635
102429
443702
457253
484020
487870
211130
211149
234711
137856
157553
196079
110097
100937
442949
442213
102030
200022
457721
235954
236018
143279
219037
219046
106625
143288
180054
238397
457615
198011
366438
447810
373456
433165
143303
143297
223427
183822
211158
444440
450128
450119
441502
450021
439491
434821
439482
243799
175430
208275
446774
198039
231536
231554
237215
156392
201371
175999
217749
481483
489238
476850
142090
142115
444316
490203
233356
233480
481456
189413
454759
483948
158431
164872
164614
164924
164915
164988
161004
162007
201432
201441
202161
211200
132675
143358
189422
479992
165015
262086
451042
448974
484385
195933
128674
249140
445577
184047
434520
438805
430096
223506
139199
156356
198066
367875
139205
152992
189459
230010
484932
231581
165024
230047
142522
230038
442976
477002
215646
251075
214254
211617
213002
458690
447102
163736
440323
164058
443827
458706
458186
443836
382896
204626
246266
445328
447120
439127
152415
229036
458283
440332
374875
118967
227836
366960
246202
447634
432302
118259
431886
364955
118277
161776
118286
165033
431187
450304
460446
189468
449311
191409
189404
459091
467793
230056
206880
448424
183859
223524
444088
104090
404055
438179
189501
418010
132709
441645
450395
139214
205647
460039
410283
470162
455600
205610
482954
375489
408039
456791
451699
154767
157599
151616
447290
204316
475042
456612
154776
460613
151944
460048
104364
455619
217156
110194
198084
180878
219790
369516
454458
110219
475583
154794
475699
188517
189556
458502
189583
202684
369905
189592
459107
410496
239929
480091
201469
231828
374972
189574
189565
231785
451750
217165
210492
211273
201478
383312
211291
461740
211307
211316
153001
490948
417187
165112
488554
211334
213330
367431
154800
211343
201496
150163
180063
110246
487773
444103
490364
487968
198109
237242
110334
211352
364946
169071
215114
446084
198118
183910
110361
486497
110875
447713
481386
262402
110918
110370
485263
478634
111054
442985
488572
487649
490285
110316
110404
111081
485546
483586
486488
110413
480781
455734
110422
110529
111188
110486
110501
441937
110538
110547
110574
110556
110565
110583
110592
409698
110608
110617
110510
366711
110495
483443
460075
211361
111391
150172
176789
169080
169099
165167
454865
446109
460659
446093
444264
183938
417549
143464
230065
158440
206914
198136
156365
111434
365374
189705
200208
401481
143491
143482
143516
143473
458025
201539
165194
431558
198154
176798
413413
461704
367972
158352
129367
201548
365693
162061
143552
457031
153083
154448
153074
189714
407391
363077
407407
407425
377759
455707
238430
111513
107220
418205
444468
446118
417442
181941
454801
433013
490568
454306
446136
455220
420370
246071
210951
408312
440174
448239
489256
441706
241377
241386
363907
363916
206923
143613
173258
132842
241331
211431
451194
169187
211440
199971
461032
460765
198190
433174
485467
442602
142054
450702
457101
103909
475750
250601
103893
438258
467368
246035
457110
125532
437936
246974
439118
450696
103927
180106
405872
238458
219806
447430
419156
198206
238476
481049
139287
430795
111638
203438
455211
439190
201645
240505
417682
230834
198215
198233
165255
475398
143659
131283
417983
430306
189839
430883
189848
439367
449773
447874
451495
162104
211468
223773
201654
487621
454917
160126
451741
376224
484835
241517
158477
183974
379782
241793
364964
455910
449667
488226
486381
457651
232618
100760
104346
106713
154837
419183
436003
198251
218858
154855
176910
378105
153108
417725
180902
128771
483045
173203
158088
161077
445267
176947
169248
187532
201672
206932
208318
211477
369668
198260
231688
201681
201690
406422
246017
246460
383464
223816
231697
234827
240514
488004
189857
234845
156408
420024
444972
377449
377458
434812
427982
232016
175315
436553
111887
111896
444510
427894
381255
111744
427919
111726
432269
381282
430342
111799
111708
381325
111717
468769
111762
111920
180948
111939
454218
454245
489353
457129
475732
454227
475741
486947
466921
486938
486956
489344
454236
466930
460871
446996
141486
483753
449782
422190
230852
364025
111948
123493
223852
419095
104391
111966
418171
217794
237303
451510
217688
443951
444778
455169
132976
102845
128780
217828
201751
211556
140331
101028
220118
219824
240709
381699
208390
189954
162168
437769
418427
211583
211608
181145
393180
144005
144014
180160
133021
240116
375656
201803
198303
175494
189981
219833
488590
260947
150215
475510
189990
475468
231712
112127
201858
201867
490692
201928
461829
190008
223898
217864
211635
112172
112181
112190
417327
244233
406547
475477
434539
144500
144209
144184
144157
144166
144175
144193
144218
481517
234915
457697
208406
217873
112251
488387
112260
124283
206969
223922
418603
211644
138947
234933
201973
165334
153126
211024
237321
180832
190044
450401
208415
139311
156417
430908
169327
217882
411754
198321
202046
202055
375319
375300
202073
219879
202134
177038
217891
190053
417868
260336
154907
234951
112367
187639
489201
366155
158538
248527
449393
485412
175519
112376
101161
223320
198330
218724
485458
450988
112385
112455
417406
104425
190071
404426
153144
154925
112394
217907
161086
154934
182634
430935
443100
376242
445498
418755
241720
112446
190080
190099
230144
420608
169442
108667
388520
456977
449083
449092
417318
482024
132851
217819
139250
210340
150251
144865
142179
208433
180957
456287
476586
146472
118347
460808
413617
243638
193399
167394
174747
186618
181604
122791
142559
162122
182005
231077
190558
197814
160959
111461
113573
166124
226408
376695
480967
107521
178697
121707
123217
123484
455114
231624
199078
451705
448752
126872
103945
448761
474890
247834
461953
126669
126678
367839
443632
127556
126711
126748
381732
126775
126784
381352
126818
476975
128106
446978
126827
395195
475626
177056
234979
241304
404806
177065
112561
217934
455983
479248
144281
112570
238573
420556
480693
217925
450933
219888
139348
190150
190169
202152
202170
202222
139366
139357
366261
212975
439570
446163
210605
126863
434672
211079
126942
215239
217475
230861
369109
489326
452540
447962
459417
423120
444529
177083
237330
126687
460181
123679
441742
155283
219903
124937
208479
460206
124706
120661
487588
133845
133854
460190
133863
101073
173300
190248
177092
150288
169363
144351
112075
180984
208488
173328
224004
238616
224013
443483
128896
407054
128902
206996
262341
260354
211820
488040
182652
190309
190293
467094
374990
190318
194435
112826
112817
217961
165495
190372
175573
395362
162283
210331
451343
153162
190415
170037
190442
235024
244561
134574
486770
460640
215044
105482
479053
419411
104504
461360
144795
482200
224156
173726
173470
461537
445780
407142
483692
459189
481395
461449
481359
106795
113096
177117
184180
481766
139393
226675
177126
154952
176770
144485
454874
113111
169424
417503
198367
419484
169813
434830
444051
483911
446190
181002
158617
180090
475608
439613
177135
106810
106829
174862
371830
113193
444565
190503
486390
446206
177144
184205
219949
190512
190521
190530
190549
190567
190576
190585
190594
190600
190619
190628
190637
190646
190655
190664
190673
190682
190035
190691
165529
211893
476674
490300
202356
204981
113218
190707
480888
113236
457493
461306
158644
418773
190716
231873
190725
200314
173416
219082
219091
224226
443021
224244
224253
224271
437732
224305
487959
139463
144564
231882
232724
455178
182670
138691
169479
169503
442204
198385
198376
237358
202435
194569
230162
130873
180151
447476
363439
368443
205559
460473
406219
449302
444255
220002
205522
458557
157465
202453
449700
447014
133386
406413
113333
187602
165574
211909
484084
202514
488192
224350
432524
211927
430971
449472
130934
130882
130907
211981
158662
113537
162335
175607
169521
402563
366270
483355
483364
126915
158723
175616
447023
158787
202523
449603
217989
452771
452780
454856
126979
144740
150400
484923
153214
154156
210739
113582
441256
480921
169576
482413
144777
482422
482431
482440
482459
482468
482477
482486
482538
482547
482556
482565
482574
482583
482608
482617
482635
482653
436465
434900
449144
443562
431309
449135
469416
485421
113634
476780
461388
212009
200059
373526
260664
443410
480028
451060
490498
451255
158802
165608
105297
184278
235088
395690
483346
445869
153241
230171
451583
211802
488156
181020
448284
154998
485607
190761
113704
148496
113698
451617
150437
150428
122117
475389
155007
153250
483504
455549
481599
169734
250744
455558
460482
169761
458380
247153
212045
261436
371690
449481
153269
184348
212054
177214
198419
173489
175227
212106
417804
198455
431105
190840
458043
220057
154466
488174
447421
230366
451006
150455
106883
198464
177250
175643
207041
139621
113856
175652
413802
212115
220075
224527
441210
439394
208637
483799
490850
144883
104577
375966
106892
364751
129215
132693
203331
144892
448354
421878
153311
156620
161138
232043
169798
165644
187648
187666
383996
418348
207050
208646
446224
232052
486886
486877
418065
212133
441858
231970
235097
438708
240596
224572
407461
183488
185721
184959
446233
133492
446534
460215
248934
247162
177278
491394
198491
238661
376321
212160
202648
483090
235103
457794
243832
241836
455938
448707
448716
146454
260965
149204
490461
442806
133526
202657
410964
112686
113980
224615
224642
476887
177287
483382
114044
451282
142489
144944
441317
488305
451529
461607
490294
490188
461999
452887
198507
362782
212197
480134
156648
153296
486080
144962
190974
190983
198516
490346
133553
104586
426314
457378
165662
127158
404684
241906
139630
165671
153302
232025
139658
487092
114114
212328
481678
447175
447148
368230
174978
430218
164845
383765
485014
375984
104443
459019
485397
157614
184816
407470
450614
157669
417381
459037
458803
157650
104434
157678
443678
480310
407735
212337
415039
143543
212382
450641
248305
151652
458821
440101
182704
491145
212276
456126
212230
447166
161493
407179
195067
169284
444282
448798
430227
458867
459073
458812
212753
450605
486691
106111
444291
458849
193991
459064
450757
212300
190239
212391
450599
481845
459000
478582
212294
182722
458858
456135
458830
481748
491136
128337
103741
184506
481739
476179
212373
217581
478616
444307
459055
459046
212355
212267
114123
446242
155025
165699
207087
101143
461801
124487
165705
224712
457581
439622
383525
191083
212434
409254
217998
369419
241951
420255
452106
444583
431123
184481
446251
461582
417062
384333
476522
244613
200590
450720
144971
457332
458423
177339
176619
212443
230199
454935
230205
442790
232502
179070
438656
430421
260293
438902
420006
136288
134149
390701
235149
385619
234650
446260
114266
207102
196680
444592
224758
129242
184694
184603
237367
387819
153320
443049
212452
443058
415729
196042
138132
191126
101189
381486
153339
439631
485193
248624
413176
220163
198543
198534
114433
114460
487861
184612
488341
169910
232089
114354
114415
248846
114390
114549
436599
191199
475422
457864
482103
460552
172440
205090
461874
484075
137023
145099
165802
220181
165820
114585
191205
133711
444990
461245
476513
180197
160481
155052
169947
218025
462035
447908
133650
133669
441380
487384
487445
487409
487490
487436
487463
487418
487454
133997
487472
487427
487481
487393
434715
133809
434441
438285
420103
387925
441423
135160
433660
476814
133881
480569
133942
486512
133951
133960
133979
408844
138284
482936
134024
457350
134079
133508
133702
134097
134112
476939
488253
455035
444219
380368
177418
114716
114831
419332
191241
218043
198552
155061
127185
135267
180212
134228
155098
139719
224828
371052
439738
205179
450067
460020
450058
490975
487302
455460
436641
458478
392415
458681
451909
455488
475130
233329
439792
456180
201399
382957
456454
372921
450076
455628
418870
216418
249609
459958
475024
452124
455479
445744
385503
163347
183725
488271
175698
485236
221795
457873
177436
145239
238722
165866
218061
245999
160074
114734
205957
224891
404718
212577
436012
150604
248633
483577
182795
409120
202806
441982
485351
459329
237844
162557
455017
114761
220215
372073
455062
114789
114813
155089
127200
403469
156727
162584
134237
114840
114859
191302
218070
476498
481030
459310
407090
101240
490090
461254
491181
452948
156471
406033
406024
131450
205513
224961
212601
155104
488013
198561
431169
162609
145275
458131
198570
157438
130396
105145
246895
238759
114938
486099
456542
460385
145309
480912
114947
191311
407708
235583
191339
431196
220765
382780
212656
451361
101286
101295
101301
208822
232186
134291
134307
131469
156745
131496
456092
138822
461236
139861
447689
139700
408862
139755
485111
139384
244446
139931
139764
139940
244437
184773
490355
202888
232195
212674
238786
235307
169974
115010
115001
104708
237385
127219
455390
475644
458733
456834
458779
449384
230889
202903
169992
115083
459143
115126
130989
476337
434690
430157
430166
122366
235316
202912
129154
165936
375683
139968
165945
150668
162654
486530
145336
363679
170000
150677
481377
461528
483841
481058
481401
181093
153366
115214
139746
145354
406495
159009
104717
170055
176983
170082
153375
183257
442569
212771
235334
225070
182306
183150
180249
170091
213181
490072
202949
364548
383367
418454
382416
428019
230898
235343
260363
365240
165981
198598
218113
145372
153384
115296
115287
212805
240745
198613
198622
134343
139995
459213
173647
159027
436632
140003
444714
425250
490559
140012
212832
102313
383084
162690
462026
448008
436030
163541
105701
488262
114628
474933
474942
127228
447971
150695
145406
367981
145424
145433
421610
367051
198640
225201
191515
431202
153427
173665
232256
166018
232265
369950
455327
202985
177542
150756
212869
225247
107044
162706
490382
145460
184870
489399
444200
453552
448983
460598
185332
441362
177551
212878
446640
458432
151166
468398
129491
115393
191533
166027
115409
155140
417600
181127
212911
383190
141608
460756
141644
153445
155159
478917
198668
156790
173683
418612
439668
219125
247010
200129
455071
381866
454795
441830
456968
490054
444644
450960
483966
481465
446303
384342
166045
145497
203067
203085
180276
191597
166054
481155
156851
107071
107080
173708
431266
170240
198677
101453
235422
431275
191612
200785
140340
101365
459851
433536
459842
240392
174154
457022
386472
155177
173735
177579
484002
208053
198695
485403
145521
155186
180081
235431
191621
225371
134495
168555
170286
115658
178466
175786
480000
203128
220312
203146
191630
134510
203155
367884
191649
490407
184746
461379
232308
207166
134529
485388
485379
175810
129534
150774
212984
184968
115728
166133
457086
203386
141680
162760
443076
170301
488332
120537
156860
457226
218140
488411
107099
191676
421665
129543
489131
489140
489122
176716
177588
421771
225399
225423
246345
458034
383792
380067
484996
468875
225520
162779
225548
131520
417248
364122
184995
191719
242112
164368
242121
115755
115773
191728
101435
440217
488068
237437
150941
449348
212993
486965
487524
225575
155195
486345
368771
372329
127839
193405
242130
243841
460677
242149
142276
480161
449597
483780
127273
434584
145682
145691
145628
443368
145725
419253
460145
145813
145831
145646
487922
106908
213011
457387
115861
444653
177603
155201
465812
418296
421540
421559
208026
153472
134608
418560
151290
488420
151324
213020
151351
151388
151333
151360
151102
151111
151342
151379
151801
488679
415057
444671
485564
451635
388663
483106
457554
376288
115931
145886
462044
441548
458122
187745
191834
240879
444680
489414
444699
457819
444705
448017
481207
461218
454616
448044
454838
431141
441663
455804
242422
242316
451501
242556
242042
242565
242583
483373
128179
128188
242626
242635
242644
242705
242671
242680
242699
242653
242662
242617
242723
404222
443696
367361
440776
138655
442435
138664
367103
483869
366289
450669
481960
457208
442888
458195
443571
140146
116226
134714
457785
235501
436614
431284
488378
238005
225779
225788
151458
151467
462336
203289
461175
455053
453297
475097
488925
485528
448691
457341
127316
113449
480347
365091
485519
242750
443128
439686
437237
173799
191931
153524
153533
153597
153171
154165
154457
153603
153621
153630
441238
443137
116439
191940
191959
198710
173805
175829
191968
159197
151485
459611
434566
369084
225849
434548
450243
459675
366678
414568
142337
470870
442338
441964
456445
448442
450261
451954
448451
450225
451963
456427
413884
459639
203313
459709
459657
479637
443526
448460
462363
176637
445081
414531
409069
456436
151500
420404
238892
413866
462372
430351
429599
430263
451990
443535
366696
225858
456418
151519
479628
407063
459648
446899
446905
366650
372578
459718
437219
440642
448488
413839
434575
413857
451981
456393
451945
479558
448497
459587
450252
230384
470904
151494
116466
251251
368601
459666
430379
366580
467058
448503
407319
116484
470889
479646
446914
413848
481614
479549
451972
470861
414841
442347
208965
108250
434052
437051
437042
459602
479600
377069
481623
381909
116475
235510
450270
235529
441955
456409
450207
430388
448479
244011
459596
134909
430360
105172
378406
261472
105163
448512
470898
446923
427663
479594
244154
450234
439136
170417
206631
438984
150987
101471
150765
462309
232414
490416
101462
170444
220400
175856
441405
225876
101480
134945
203678
232423
237473
198729
213163
192004
191986
225885
443146
483276
414540
215099
177676
231837
156921
192022
418445
101499
417886
107123
101505
207704
451918
248192
455196
192040
185651
185679
419341
185174
188696
220464
146205
401764
107141
101514
203368
446349
116712
159319
159328
455239
459471
462354
232450
428125
198747
146278
491242
162928
445708
439288
414823
460349
217235
198756
213233
155210
230913
220473
132879
198774
210474
431099
478661
213215
486734
484321
146296
135063
175883
461281
200165
200110
456551
215479
181190
101541
146339
461139
213251
484057
200387
485810
481313
170532
170541
146348
155308
177746
155292
179812
490601
155399
155414
141796
445346
480064
260910
153418
260901
367024
162681
489779
181242
160940
153409
489788
181400
490771
146366
141802
374343
225991
185262
440031
182892
183062
192165
135081
170550
146393
161192
486840
218195
445850
460011
489159
467906
218159
432117
445841
488439
177816
203447
203456
203526
203517
203492
203465
203474
203483
157100
157854
487904
157030
157058
157076
203535
203544
169983
192192
457475
461315
134422
213303
210483
375692
375708
375717
375735
375726
375744
375753
405748
375762
226019
220516
213321
382504
417628
153737
170587
146418
428392
151564
146427
375373
490452
213349
171881
490717
434380
162982
481915
456940
445726
457633
429012
383163
135142
153773
153746
154332
143695
153782
154341
153764
213358
213367
117627
180771
483920
155450
165264
260372
213376
213385
140234
117168
461290
219143
177870
203580
407629
146481
146490
146506
455840
170620
200192
173461
170639
117195
135179
235699
135188
203599
238980
183123
239008
146533
451291
127389
441760
226107
226116
226091
456214
117238
213400
418533
213455
213446
218229
247649
220598
209038
117247
207209
140243
213473
213491
170657
240620
226125
486503
226134
476489
366401
166391
117274
485485
250027
215992
408729
454786
481298
483957
166407
170675
239017
101569
230418
488943
443623
364973
452054
144467
452063
445115
446835
446844
423980
375841
452036
111009
262332
452045
456302
192323
220604
483221
488138
488235
418542
213507
226204
484172
220613
413626
198808
141811
444228
213525
213543
476744
418515
198817
198835
441618
479123
198844
166452
433217
444732
226231
213552
209056
146603
146612
142328
177931
450632
157207
427335
455956
232557
242820
376330
117520
117104
140252
475574
489043
192271
218238
146667
146676
128683
163028
126951
226277
151661
434159
146700
221148
136066
146685
117548
220631
213570
425889
442046
129181
184056
433101
440952
420343
374574
129923
442037
442073
213589
445911
165556
184427
185396
449320
403478
177940
117557
213598
177968
135294
461722
157216
209065
437325
437316
209074
219976
180328
434016
192563
192439
192554
432357
192448
450766
192457
135276
421832
198862
213613
177986
117636
227182
117645
476610
383297
192484
192509
461838
232566
166489
203748
409591
135337
153825
232575
133155
490124
117788
446385
117681
117803
436429
117690
117867
368780
381945
117706
117715
117724
117733
117894
117900
198871
159531
159568
449612
483212
159391
159373
435000
159382
159407
159416
159647
157298
203757
458007
166498
235750
117946
146719
163046
159656
117955
226383
226374
483726
363633
101602
153834
135364
173896
178004
146728
213640
213659
213668
118143
118134
232609
230931
132657
482246
106342
118161
170736
481003
441414
173902
146816
192624
146825
170790
375407
238263
364168
148399
379621
157304
170806
176390
153861
407489
161509
161022
161299
490221
449366
203775
135407
129695
183132
151777
461272
192688
155487
155496
192703
461351
420981
192712
192749
213774
166595
166586
213783
490674
451547
470296
446394
239071
130837
192785
411684
475282
239080
151786
105136
203845
101648
192800
203881
419226
192819
457642
230940
440411
239105
198899
123943
237525
153922
198905
173452
220701
151810
487977
232672
170842
163107
163815
163295
164085
209108
118541
192864
232706
220710
178059
213826
166647
166674
167288
431594
166683
166692
166805
369002
490470
381361
448035
166823
490267
461333
454698
198914
365426
173966
173957
157331
200226
482927
438212
367112
443395
458450
213871
438221
456579
446880
146977
164270
198923
147004
147013
226578
226587
367194
159717
155511
166656
439455
147031
414461
490328
488059
141848
489821
487843
487834
192925
455336
456153
476595
488217
479965
239169
455831
490179
444769
436650
218335
203942
484066
476993
220792
192961
192970
220808
451538
220871
118684
118693
118718
366632
185509
237543
140447
193016
153977
203960
431600
419217
198941
366571
213987
480189
198950
237552
244279
175935
461324
365480
427308
178077
166850
118772
135559
105154
173993
188261
461847
193061
193052
193070
417752
213996
147129
203997
198969
457952
178110
245430
245421
490489
363165
190114
181303
177995
441575
174020
127565
166869
140827
476355
440819
428000
135717
135647
480851
451103
204006
204015
204024
204158
369862
204060
200633
449126
450003
169655
182953
171012
172422
170611
381370
169220
171100
169628
171128
444547
171155
245953
151962
418320
199458
431017
389860
181312
481225
239220
155520
482158
220996
220978
230959
119058
166887
129756
185536
487816
226806
181330
218353
147165
193186
157377
439020
383020
178183
483629
458265
469638
475459
437556
482097
178208
457536
226833
143853
423643
480985
418481
385549
460534
454546
460516
454555
449904
454573
440855
457077
489760
448895
475325
482060
460525
442657
437778
443669
112288
193201
461014
425986
101675
180373
461883
451264
449117
458405
455655
460817
456205
198978
460826
441025
443650
382771
458441
460835
475079
233091
475060
448664
475194
214041
486901
147244
118888
175980
239248
449861
239309
239318
226860
483887
178217
368647
484844
486202
174118
174127
174136
474881
480170
174190
175263
173559
174358
173920
173638
200253
118912
193247
214069
488299
118930
176053
176062
247737
176008
176071
455105
176080
176035
176044
178244
440226
178341
179566
179344
178411
178369
178387
129774
198987
431628
175281
219189
413972
199005
476902
441779
485582
178448
490249
174321
118958
242954
242945
438337
371928
193265
118976
105206
193283
118994
200262
204121
250902
193292
147341
374592
185572
237561
451459
193308
193326
171225
479983
457749
262165
180461
180179
180522
180416
171234
185590
437705
119067
451033
127954
484303
436021
163408
163426
199023
214111
199032
166911
433040
147369
444662
214148
248606
119137
239372
147378
214157
483470
157386
140553
140562
460394
127617
163453
237570
154004
218399
365763
147396
196051
483984
147411
221096
414124
479062
169275
214166
209241
204176
166939
166948
219198
239390
154013
204200
193353
119173
163462
204194
166957
232788
237598
448275
226930
448248
444954
171261
443173
147439
436100
142416
376631
209250
119164
119216
398130
382258
118189
118198
214175
209287
207236
157401
443359
119270
171304
204264
490337
457606
439747
451477
451228
480037
406486
434432
448123
119331
127653
442611
199087
239424
183141
461564
221157
490115
221184
193478
248882
440758
451875
482307
477996
436483
440767
478005
491118
466161
127680
466189
440749
491093
482325
485290
485281
247700
482370
466170
482316
478014
442718
219204
482334
482343
174385
219213
466152
491109
489104
451884
482361
448585
165635
378956
440077
204334
454847
455868
371964
457767
388043
131830
441478
119553
412003
148955
147536
461023
106980
483805
488280
462318
462327
481544
490018
447759
375106
367334
119605
242972
242981
468723
458469
444042
147590
209296
405021
488110
129729
187596
119678
227146
127714
178518
193584
181376
181765
181419
181297
181446
483513
193609
227155
178527
155566
163532
483258
214272
445692
414939
417673
441900
182519
449685
101277
485591
185758
214290
262129
437723
439774
476823
419280
182980
164438
167093
230977
373678
217305
167215
182999
167224
129932
480903
468963
217323
183035
430810
208725
483638
485120
185129
185828
187897
187967
187903
187912
187994
188003
187620
188021
188030
159948
434469
447582
232867
440396
193672
107442
366368
440262
195845
193751
418126
194073
439783
421841
461148
481243
431071
194091
193821
457800
193830
451413
193858
475404
194116
193894
193900
218414
119845
167251
155335
217350
119775
183099
193946
193973
159966
167260
239442
444787
147642
460464
232937
174428
119951
162371
461795
107460
167297
199102
199157
199193
199209
147660
418889
155593
171395
179715
204422
224110
174437
194028
200305
200332
454892
136145
447892
140678
218441
174376
142443
154059
227191
120023
147679
236072
167312
372028
484376
120087
120069
445364
484367
120078
214379
239460
444130
449719
101897
182917
181491
154110
488730
176169
204477
221908
461962
420459
456560
432074
418339
461087
227225
239488
147776
127732
207290
439817
207263
217837
167358
482705
105330
147697
167376
147703
204431
157447
161484
240790
171456
188058
207281
219259
418588
232946
461412
431691
239512
174473
105349
217606
160667
443030
367459
445948
209409
240657
377546
209083
209205
468246
441168
484950
468255
369686
136233
434362
380377
154129
155618
160010
176178
178624
142461
458140
204440
488086
173115
107488
366623
407601
236133
487603
420398
101736
154101
147749
260992
130040
174507
171483
207306
160038
168573
147767
171492
130004
431707
230995
368452
204468
120184
163578
160029
409032
459426
428055
136215
443207
200086
158884
447980
194161
203614
231004
221254
174525
152099
171535
171571
147800
101912
204501
227289
120254
227298
185873
431716
120272
420431
227304
147819
230490
366465
219277
227313
381404
478591
227322
248703
460978
480125
484604
140696
453747
203739
203720
201964
204617
483647
418269
410797
453792
204635
204714
204723
204778
405012
204662
204671
204796
204680
204699
204705
418278
204608
453817
204820
204802
204848
204857
204839
204866
204884
214476
237640
204909
120290
194189
433068
207403
207324
207449
207458
207351
207315
207564
207388
207397
469629
206835
232982
155353
455859
171599
147828
145707
187505
104911
236188
407328
439844
455026
444796
194222
440730
460455
457846
159601
237613
207582
120342
194240
135735
136303
138372
138488
417992
218487
423652
209533
369659
209490
209506
209542
440828
454883
444635
441593
214528
407434
127778
120403
194259
442897
155636
428259
454582
155627
105367
204936
107512
227331
204945
247940
455798
461120
120421
178679
107549
177472
185970
443216
391005
194310
407610
422695
442842
414595
378576
439862
236230
209603
455406
120768
457484
120795
120838
120865
209612
115746
130110
140720
447731
243647
447722
449490
489900
136330
136358
154174
475538
246354
120698
120953
120971
365125
199263
475413
227386
364016
204963
121628
121017
227401
186016
483896
484190
178721
243823
147916
235158
121044
136400
186034
160117
160135
233019
233037
483665
107789
475486
454926
451565
454652
260929
143376
467872
458274
455284
456065
459286
467863
456074
442240
128540
459301
482176
459231
454607
171465
484093
199689
475547
459198
444486
172680
446288
240240
483337
461591
249238
417008
461917
136109
481508
488749
248660
484118
462008
156426
448220
483328
156842
486983
449995
456029
484109
451121
449977
459578
177685
459170
444608
220491
488998
457545
129349
476294
445212
476984
454768
459116
208187
183202
380456
475556
476841
454944
443641
234924
231280
455761
230214
451714
449968
484011
449986
462071
455080
461421
449959
457323
485032
486567
488989
408066
480930
227429
194392
204990
443225
455345
481085
154208
443979
439871
369783
176239
214883
221643
459514
490735
236258
214892
186052
214944
214971
215053
442356
366252
215008
414911
261861
214582
214661
214616
212018
214777
214801
214689
214698
214704
214731
214740
214591
214759
214607
214786
214713
214768
214670
214795
214625
214810
214634
214643
214652
214829
479956
460914
449533
136473
418199
219842
121150
121178
236212
181534
199306
209667
209676
208859
209153
414452
209694
209700
208655
215123
483823
107600
107619
110307
189282
414966
105428
447698
381459
488147
407513
128151
140818
199324
489937
218520
233116
235237
439145
443492
409537
261773
127820
440794
105525
105543
442967
461689
434140
442134
404912
489812
456038
486813
460136
445230
260691
486822
449074
368629
105534
458159
167455
174570
136491
137087
160199
367097
453109
177302
408163
407522
210076
364627
418913
444811
199333
155681
216782
215381
215390
215415
215424
121257
373216
156310
150853
156754
152150
490878
260813
207625
428143
260789
447379
445258
432384
480204
121275
245962
417275
194499
183080
121309
215442
138868
390905
136516
456481
456490
190451
121345
372082
245980
243081
243072
241395
243586
241410
205027
131405
455813
206905
167464
178828
171775
364636
129002
130174
121363
457925
209746
209807
130183
237701
486576
148007
227526
155715
194578
430582
446455
488369
416458
484154
218539
490045
105589
219295
486433
481368
163657
101958
486327
186122
186131
148016
420130
417840
430403
139506
486105
413343
458016
107655
437750
454908
121433
205054
409193
148098
457466
461944
487083
455770
217402
380438
436067
127884
241766
455947
490805
152248
243780
152266
461713
419420
431770
418764
376677
199412
439507
167525
148131
130217
130226
167534
384421
194657
194693
194666
186186
194736
405854
484871
205124
194763
136659
233277
488776
174604
237491
186201
438665
207157
233301
199421
486406
233295
227687
178891
363147
407568
363882
205142
233310
186645
138309
448673
480657
175014
200013
450571
152275
490531
215585
215594
461698
215619
250993
127909
207069
114637
209922
117052
475653
215628
490230
105659
490197
231651
488183
487889
167598
127918
101994
140872
475033
440271
375416
457174
223463
377111
460783
372958
451857
160524
438869
412599
366535
445249
445203
451866
458104
148256
129428
194824
236382
178989
149763
476726
217420
217493
221351
484127
227757
233338
227766
148292
199449
441104
242413
186283
136765
175236
483568
194879
460695
129969
438267
136774
475185
121886
105668
239628
436304
183114
483717
485704
173063
137713
121901
233408
481191
419235
183211
185466
481447
221397
364575
233426
199467
165750
167039
168032
373696
383279
186274
185767
136826
215655
148335
163754
105677
194958
199476
170967
174738
195003
148380
195049
148405
179043
199485
195058
418083
180595
127945
475495
480790
217518
409616
152309
207661
209940
262466
179052
136950
186335
148487
145558
207670
152318
209986
439899
215682
369446
445735
121992
215691
490832
421513
373085
452081
490814
261685
480550
261676
460127
481906
203234
460093
480523
488952
481890
484349
172015
456506
490841
460109
486707
484358
365833
486716
481863
488961
171988
171997
488970
476230
486752
452072
460118
480532
484330
363013
456515
365824
247409
367158
446516
183877
184791
184782
199494
213932
167631
382267
437857
152327
441876
148511
176318
186371
186380
186399
455752
449506
122180
490160
172033
239637
130253
122205
447458
476948
485139
476911
476966
446525
459462
459499
441070
172051
154235
183239
149028
148876
199582
216047
174783
227845
195702
152497
148575
186423
215743
486114
195720
137272
167677
137281
174792
160409
161518
215770
152363
137032
179256
179308
179159
179450
236452
152390
123554
174817
152381
152451
486424
231059
239716
175041
179317
186432
215798
136701
215813
195580
148627
199607
179195
186469
237783
167729
155830
417646
163851
180647
459532
414054
485874
476629
121868
456588
456597
115357
121859
230746
466523
167738
460570
447494
214564
217536
227881
195289
102049
199625
122296
227924
428426
123527
112084
122339
122320
457244
122375
122384
122409
122454
486187
122506
486372
454777
122597
122603
486239
227979
122649
122658
448381
122685
122746
122755
122737
430670
188100
122782
199634
486442
383330
481535
219392
420495
475291
146010
446792
174394
456296
440925
450465
446808
134680
461500
481128
121619
122834
122852
433420
122889
122931
137096
188137
188146
122977
123013
399212
195304
406149
148672
140951
480301
140960
140942
123095
195322
404338
131061
486150
104665
377218
480727
392354
143048
166984
197151
172200
228042
406325
215886
407577
201982
105747
123165
447519
433970
107831
236513
488448
439914
236577
236595
381529
369695
246406
368540
228088
102058
386153
243498
207740
137209
232885
475839
186584
215947
483939
221519
155858
461935
195438
215983
481331
391759
123280
123299
121637
199643
439932
148821
205443
412535
412544
451167
480842
102067
233541
487667
237792
481137
461485
240666
137245
218751
230135
199670
480499
216010
236610
107840
140988
448309
195474
172264
123341
123350
182458
165060
179238
239743
167783
461759
154350
123457
205470
219374
219240
219408
242060
231068
200466
236638
195526
460932
455381
444857
123509
216038
167835
102076
230597
110778
163921
399911
123563
459356
451219
445957
157711
457943
123572
488077
481094
107974
123633
218733
417637
173911
160913
123642
220552
488891
219347
219356
366003
443252
137315
482699
141006
216074
216083
160472
434061
105792
432144
197850
228158
236656
236504
149365
228185
409315
228194
455974
456922
456931
228219
460172
228200
468006
480073
480082
251312
481720
101116
468024
139579
449898
224776
468015
133465
459259
475121
459268
156338
107637
181640
157739
417734
179557
219426
449807
176336
199759
102261
443270
428170
199722
154378
148937
443261
451352
444866
160612
207847
439978
368911
167871
137564
221661
107983
107992
461856
123952
399869
117575
117672
459222
226903
459967
405076
459985
408385
430245
482015
221670
130493
139986
149222
149231
149240
161545
228246
206862
183026
365198
210146
487162
207786
205966
490063
446552
366553
481322
251260
160621
160630
160649
440916
160533
230603
231086
233611
217776
237817
193122
457624
233082
233639
436261
366605
179326
420246
382911
442879
175078
176354
228282
440721
449816
368364
221485
228316
451556
402776
104188
233648
239910
228468
228325
228486
207856
188207
123800
155900
154396
199731
143215
188216
123970
172307
207865
210155
228343
160579
445638
445656
445647
161527
157757
413680
489371
490009
126605
207254
218830
218821
172325
141060
433563
157766
148982
236692
236708
148991
172334
102234
167899
210100
475273
167905
195155
195164
175005
262031
172291
174756
195173
186405
123855
195809
183248
217572
195191
195216
442426
179511
419271
154262
216162
213622
163912
174844
189811
195784
137078
227854
137476
130448
199698
207689
163976
245652
148593
195562
195544
179265
228149
195243
407151
446561
483814
243744
199740
382902
428295
412650
205841
123916
459444
462053
123925
239877
135391
179539
177977
196176
233666
448600
205887
475565
228431
179548
231095
155937
137546
146807
186867
474906
477950
446677
438151
230630
230621
460899
178767
164173
160597
219453
102270
186876
448619
413778
130509
366340
167996
196097
434496
460604
438498
450377
458885
450298
131803
449038
458919
459994
430184
458955
453215
453163
443784
458964
443766
458973
233684
456621
455725
485476
485856
430564
236744
428073
231721
366395
168005
228501
433466
157270
195988
157793
447953
175120
181543
400080
457420
459550
457572
457439
462017
156967
457916
209719
208512
218867
137120
451644
362700
372718
487311
196060
196158
196219
189547
196130
196121
196167
196237
196194
196246
196200
196033
196103
196228
196006
196015
196024
196149
196255
196264
196291
196185
196112
197294
195827
199768
441672
216278
247603
483610
377281
377272
216287
196389
233718
233286
196413
155973
236753
124113
454689
102298
137759
137777
186900
196440
451404
196431
216311
228529
228547
461494
484394
461926
149310
449524
152530
261719
249566
196468
488800
196477
217712
427991
418384
444893
149329
228608
216339
457448
417789
416670
409379
448150
248925
219596
219921
221591
221430
219994
220127
220251
220279
220321
220394
221616
221625
220640
220756
221607
220853
221050
221102
221236
221582
221281
221333
221388
221494
221634
221829
221838
221847
221731
206011
187000
228699
226152
483036
228723
224554
224147
228705
228732
459949
224545
440989
458061
228866
228875
228884
377315
487232
419633
441487
430704
448196
228981
229063
227377
487320
228459
229115
229337
439154
229160
229179
488129
216296
368832
210711
438674
108348
188669
138813
451820
450085
197832
200624
126702
132338
222938
448345
182111
451796
365055
446668
210942
428444
210960
451662
208239
452027
450049
458982
234492
482398
449010
444927
458496
440341
456010
470092
173887
452018
210906
459480
132408
476708
444404
210784
485731
216223
143978
455433
455664
491190
459745
487153
201821
481526
488819
461157
437635
480824
480833
489283
392257
449250
447591
142294
187134
193645
195234
174899
197285
206589
430485
141015
491251
490443
235167
483230
191320
452009
482972
148177
428286
450650
191287
146241
192110
454184
439701
161208
117751
167057
167321
193654
453756
238810
485953
215637
195128
154545
451307
247047
461546
461731
215530
454537
459295
459392
448026
459347
126164
480976
461908
458098
385132
481340
460987
458168
484206
462345
460996
457837
442815
475228
125037
441131
157748
204769
487676
455901
486521
454962
100751
475237
202763
180489
180692
137847
221740
487010
221759
221768
228769
228778
228787
228796
229027
228802
229300
228644
416801
228653
229018
227368
229090
215105
233897
138354
485360
214023
126012
486123
216348
216357
124292
161563
187046
126049
216366
157809
183275
233754
141167
179645
129808
103778
372000
233772
232919
206039
206048
420723
484826
418968
227058
141185
442781
375540
204459
137865
476568
196565
457776
413945
443289
455965
136783
481562
461227
436775
116350
235352
434344
475723
481100
487807
196583
455187
444909
483735
488828
176406
196592
459736
459824
459727
164076
445054
457703
157818
141945
135522
245281
210234
450711
443298
245069
157827
468705
447865
482167
221892
459408
484233
206172
149499
199795
218885
206181
487913
206154
130581
402800
476531
448859
216454
216427
216445
216436
443377
460747
455895
470393
454971
144573
487533
454980
150303
414869
491224
151607
455886
454999
455008
143181
367088
218894
450979
152567
485078
414878
128258
137953
200484
149505
130590
137962
146755
431929
216463
204893
135610
149514
123448
206215
459161
229267
225308
131876
149532
196653
102368
182500
141237
178615
206224
407595
105987
447704
168148
160755
207935
488934
486798
442329
476063
207962
130606
444936
200527
221953
102377
172495
229355
375568
488837
475662
229425
377193
407683
246415
482291
397942
393649
470038
230676
481182
418056
196699
441371
450173
488396
481252
210270
246789
486354
157863
196866
181738
187198
417831
206279
233842
196884
221971
469911
491084
448646
444945
469920
487047
447467
461810
468909
447607
384245
124681
413893
384236
468848
480471
447616
213631
128328
130624
197027
197036
164155
102395
447050
197018
419031
206288
175139
200554
476799
459204
479424
161572
459365
153542
446589
124779
372240
446598
485573
459374
460543
106041
105215
438504
366191
447403
448433
445799
229416
369400
487597
376385
439996
481429
241191
483595
241225
243568
243346
243443
243601
475811
241739
441690
243577
241614
476805
196088
363934
454953
200800
200846
100663
100706
100733
102553
102614
102632
103529
442930
104179
487296
106397
106245
106485
106412
107743
106999
107725
107585
106263
108056
108092
107664
161873
128744
110635
110644
110398
110653
110662
445188
110671
110680
110699
110705
110714
124557
106704
132903
176965
206941
237312
144050
201955
201946
201885
126614
126580
126562
128300
129020
436827
463056
436836
436818
224323
202480
130943
127060
169716
153278
447801
150534
134130
484473
457402
139959
240754
129525
141565
141574
141839
141963
141981
160065
225511
225414
225432
229407
225502
142285
145600
148654
145637
149587
151263
153658
200156
155317
157085
117140
160658
159993
247083
157289
161253
161217
161226
161235
161244
161341
161280
437097
200217
226471
232681
163338
163259
163268
163286
163204
166708
166629
166638
166665
167987
166513
220862
135726
170976
171137
171146
174075
174233
174251
456959
174066
176017
178396
178402
178420
178439
101693
101709
199069
204185
181215
181394
181428
181747
181464
182281
182290
161457
183071
183044
182829
129941
187958
187976
187985
188225
188049
159939
101879
199111
199120
199139
199148
199281
199184
199175
199218
200280
136172
482680
227216
484905
228909
443711
127741
154095
204486
174491
152080
207342
207500
209551
215062
450456
484613
484622
484631
484640
448822
484668
484677
420042
440466
442161
443544
446729
445391
484686
434973
440420
484695
445319
484701
484710
445300
405997
484729
439297
484738
432241
484783
382063
448567
484747
484756
380465
484765
432223
450483
440457
157535
215974
215266
215275
215284
215293
215309
209825
180258
243106
243115
243133
243142
243151
243160
243179
243197
243203
243212
243221
243188
236328
121691
217484
233374
205203
195030
152336
130314
488785
155812
148885
122436
122612
207722
215929
219383
102094
218645
218654
218663
218672
218681
218690
218706
218742
219471
137351
451671
448840
123961
151306
161554
176372
149550
148584
227863
174914
367954
485537
228635
156541
131399
363721
225627
107558
120883
488846
442639
384412
441308
215132
188182
243665
449870
206084
207971
230764
216542
231174
234076
377555
236948
377564
101587
141334
484862
210438
240055
491303
260381
240268
240277
240329
240444
240453
491288
240365
240374
491297
240462
240471
240480
240417
240426
240435
240189
240727
164146
404480
183327
491233
373711
154493
206321
440004
196307
429128
206330
455099
216524
206349
446604
469160
476346
481942
469142
380474
469133
436270
469124
469151
230728
230737
197045
141264
138187
200572
449445
377652
377661
377670
216551
443322
486257
152600
199838
221999
149639
456825
468893
160445
123651
421717
457891
197133
455567
245342
442408
373058
440873
481988
480514
404374
404383
437060
148140
404365
445559
436182
436191
440882
440891
188340
417910
108065
418524
417123
125028
125019
216579
175157
455992
231147
231156
231165
229504
213914
223472
485962
483744
238175
125091
229522
229540
451626
197142
216597
441335
152628
152637
208017
482228
377485
449834
458256
441928
460774
450191
420307
456056
450289
458593
475370
480107
484978
480815
454625
420316
441919
455716
475617
483319
460844
445090
452115
389727
460923
475352
475866
460853
475592
234030
233903
460376
206394
234085
233921
234119
430254
431956
234155
459082
234164
234137
490106
234173
233949
449764
365204
377342
240107
431965
476559
229656
476540
188289
222053
218919
481474
417257
446613
152673
403487
226879
476896
487065
197197
199847
199856
125231
154518
236887
236896
172608
206437
222062
210304
480198
138275
407832
245625
199865
417655
154527
154536
155423
156082
216667
162210
234207
457192
164216
418250
161581
216630
216649
418029
206446
236939
179867
172617
392840
199883
149727
240125
486594
229780
199892
172635
433138
418001
181783
172644
125310
216694
365505
229799
197221
138293
230782
179894
190424
220206
216746
168218
197230
447999
470047
236975
168227
418357
176451
131098
131973
141325
130697
216764
441229
489858
477039
443331
485272
458229
458210
139278
125462
448594
448637
157483
237932
125471
152044
172671
222099
229814
125499
125222
237978
442383
237987
237996
238014
237880
237899
238032
237686
237905
237950
237969
486141
485801
197337
490133
368407
200004
130776
219480
433387
206482
149772
106102
154572
157951
172699
490373
172477
181817
182564
168254
188304
208035
210429
216773
199908
210368
126030
128391
420468
224679
224660
240170
418302
229832
172705
112525
237011
240693
168263
476470
216807
179946
230807
216816
125718
125727
216825
229841
237039
168281
149781
238078
168290
434751
183105
237057
125763
237066
475200
156107
156125
156134
216852
206491
229887
199926
216931
365383
210401
176479
166717
122728
179955
222105
187444
199272
154590
149842
138479
179964
107877
168342
218955
443340
200341
418223
206507
131113
217013
199953
234359
441353
141990
206516
199962
175272
199980
199999
218964
141255
451653
486859
240198
240338
240213
138497
206525
218973
451130
442064
488907
238096
197522
125897
455512
481146
208044
164313
168421
168430
197531
490142
141936
401223
369455
172802
486460
206613
206604
441089
132268
240718
234377
481289
206622
160904
372356
407355
445984
484136
237109
130794
130785
106148
483902
245731
490319
434937
420325
197647
486017
375230
481410
247773
488350
476692
197601
491057
190752
455257
197674
431983
126076
490504
490276
197692
441609
486026
451398
197708
481438
487746
363712
451370
488101
405058
197610
217040
197735
197744
401250
181853
217059
420440
418409
218991
126100
141361
206695
375939
217077
126119
413820
451237
204255
458575
486248
